132
113
112
112
112
121
116
112
113
113
112
114
117
113
129
114
118
114
155
156
156
164
187
259
282
236
189
226
183
136
112
144
115
114
118
114
132
112
112
113
138
114
115
113
160
112
113
117
116
126
112
115
112
138
112
112
112
113
125
111
117
112
124
114
117
116
158
114
112
112
112
124
116
115
114
150
112
112
113
112
126
112
113
112
130
113
112
114
166
120
113
113
113
124
114
113
112
150
112
113
116
113
125
113
112
112
129
112
113
112
115
140
114
112
113
125
112
114
113
157
113
113
115
127
124
115
115
112
124
113
112
112
167
121
113
112
114
125
114
113
112
144
112
111
112
113
124
113
113
114
146
112
112
112
111
125
113
114
111
124
111
112
116
162
115
113
113
111
129
112
112
113
148
113
112
115
112
126
112
112
113
132
115
114
111
111
125
112
115
112
123
111
112
114
156
113
113
113
116
135
112
113
113
131
113
112
115
112
125
113
123
132
127
116
113
113
135
113
112
113
112
127
113
114
116
144
112
113
118
157
112
112
113
112
125
115
112
111
139
113
112
112
113
125
113
114
112
124
113
112
115
171
125
112
113
114
125
113
112
111
154
113
112
114
112
131
113
112
112
140
114
115
117
115
126
117
115
113
125
114
113
113
149
112
115
112
113
125
114
115
112
126
112
114
115
178
131
113
115
141
127
114
111
113
125
112
112
112
174
124
112
113
114
133
112
113
112
156
118
113
114
112
125
112
116
112
134
112
115
113
112
125
112
113
114
131
111
112
112
162
112
117
112
112
123
113
113
112
142
112
112
112
112
145
113
112
113
129
116
113
112
174
128
113
115
112
122
114
114
112
148
115
112
114
114
147
113
113
112
148
111
111
113
171
122
113
120
144
124
112
115
114
123
113
114
113
159
115
112
115
113
124
114
112
112
132
113
114
111
112
126
114
112
113
125
111
112
115
161
118
113
115
112
123
112
112
112
140
115
113
112
112
125
112
111
112
125
111
113
113
112
129
113
112
114
124
114
114
113
153
115
112
115
113
123
114
114
112
128
114
113
112
113
146
112
113
112
124
113
112
112
161
113
112
119
125
124
112
112
112
146
112
113
113
114
140
113
113
116
133
112
112
114
151
113
113
112
112
124
113
112
112
135
114
114
111
112
127
111
117
113
139
113
112
112
168
121
116
113
112
124
114
111
113
137
115
113
114
112
123
112
112
117
124
114
112
114
160
112
113
116
112
123
112
111
113
141
112
113
111
112
149
112
113
112
121
112
112
114
172
122
112
115
113
120
112
112
115
124
111
113
115
142
112
115
113
112
131
112
112
113
122
112
113
114
163
116
112
112
113
126
111
114
111
148
112
113
115
113
123
112
113
111
126
119
114
116
164
118
112
112
112
125
112
112
112
153
112
112
116
115
128
143
112
114
126
115
114
114
149
112
111
112
112
169
121
113
113
124
115
114
112
169
123
112
112
112
136
119
112
118
145
112
112
113
111
126
113
113
115
124
112
112
112
112
123
113
112
113
125
112
113
115
157
115
114
112
112
143
112
112
112
137
113
111
113
113
142
112
111
112
124
122
112
112
161
114
113
113
112
150
113
112
113
142
112
113
112
112
146
130
112
112
125
112
113
115
154
112
114
111
119
124
115
114
114
141
112
112
111
170
122
112
112
112
160
114
114
122
143
113
113
113
112
123
115
116
112
140
113
111
112
169
122
113
112
113
122
112
112
113
152
114
113
113
112
136
113
111
116
133
113
113
115
112
127
112
115
112
149
112
115
114
158
113
112
113
113
148
113
113
111
144
113
111
112
113
128
136
115
114
123
112
115
117
140
113
113
113
112
128
113
112
112
127
113
112
113
113
127
112
111
115
124
112
114
117
149
111
112
112
112
141
113
112
112
133
113
112
112
186
134
113
112
112
123
112
115
112
149
115
112
112
112
125
112
116
112
130
113
112
113
112
125
112
112
112
125
112
117
112
160
123
112
112
113
150
112
113
113
144
112
113
112
112
166
118
112
111
125
113
113
134
149
111
111
112
112
124
112
114
112
135
112
112
112
112
127
111
112
112
126
112
114
118
160
118
113
112
112
126
112
114
115
144
127
113
112
112
126
112
111
111
125
112
112
111
112
134
115
112
112
148
112
112
112
158
114
111
114
113
129
111
116
115
133
112
113
117
112
124
115
113
112
125
115
112
112
161
113
113
114
111
128
115
114
112
144
112
114
146
157
128
113
114
112
126
112
113
112
144
113
111
114
112
145
126
113
114
125
113
112
117
165
114
113
113
114
123
112
114
112
161
114
112
112
115
126
113
112
111
124
112
112
113
113
125
115
113
112
144
112
112
112
175
129
112
112
114
121
112
112
113
141
113
112
113
114
124
113
114
112
126
113
116
114
166
120
114
114
113
126
117
113
112
143
113
113
117
112
143
112
112
112
135
112
111
113
171
124
113
114
113
165
118
112
111
151
112
112
115
129
146
116
112
112
131
112
112
113
164
117
114
113
112
160
112
111
112
121
112
112
115
151
111
112
112
112
145
112
114
112
122
112
112
113
157
111
112
111
114
124
111
115
113
143
112
113
116
112
127
112
113
112
125
114
112
112
175
133
113
115
112
147
113
113
121
142
112
112
113
111
124
114
112
112
140
113
112
113
112
134
112
112
113
126
112
112
116
159
127
112
114
112
123
112
112
113
138
111
112
112
113
127
114
112
112
125
111
113
112
173
127
112
112
113
147
112
112
112
159
114
112
112
118
123
112
112
112
160
114
112
112
112
151
112
113
112
128
112
111
112
112
124
112
113
114
125
115
113
112
159
112
112
117
113
125
113
112
113
140
112
113
112
112
126
113
113
112
144
112
112
112
173
126
115
114
141
147
112
112
113
126
120
111
111
162
117
112
112
112
126
113
112
112
148
112
112
112
112
124
113
112
111
137
112
111
112
112
126
112
114
113
125
112
111
112
173
126
114
113
111
126
118
112
112
151
115
113
112
112
125
112
112
113
139
115
113
112
112
127
112
115
112
144
111
115
116
164
126
113
114
115
139
113
112
112
142
112
112
111
112
144
112
115
114
148
114
113
113
169
124
115
115
115
123
111
112
113
146
112
114
112
111
149
113
112
117
127
113
112
112
112
126
112
114
112
138
112
112
113
163
117
112
112
116
124
115
112
112
141
116
114
111
113
125
112
112
113
148
113
113
112
170
128
117
115
113
125
112
125
113
127
111
112
113
111
124
113
112
114
125
111
113
112
163
129
113
112
111
130
112
112
115
151
112
116
112
111
124
112
113
112
128
111
113
112
112
124
112
112
112
147
114
112
112
160
113
112
112
113
124
112
111
116
139
115
115
112
113
128
113
114
116
126
112
112
112
165
121
113
114
112
141
111
114
116
145
111
112
115
112
131
144
114
112
125
112
115
114
142
113
112
112
114
124
118
113
113
125
114
112
113
169
125
113
113
112
135
112
111
116
149
112
112
118
113
128
114
115
111
124
112
112
111
176
127
112
114
113
124
111
119
113
169
122
113
115
112
141
112
112
112
131
114
112
112
113
126
112
112
112
145
112
114
112
162
114
114
116
111
124
119
113
111
137
114
112
112
112
126
122
112
112
145
112
114
120
152
127
116
111
112
126
112
112
113
150
112
113
112
116
126
112
112
113
141
112
112
115
158
113
112
114
112
149
112
113
113
142
112
113
111
114
123
113
112
112
129
117
112
112
166
130
114
112
113
125
112
114
113
144
114
111
112
112
123
113
111
113
124
112
113
116
143
116
119
116
188
138
114
114
112
122
112
114
112
132
115
112
114
112
125
112
117
112
127
116
113
112
157
111
111
114
113
131
113
113
115
138
112
112
112
112
125
115
112
116
128
114
112
114
161
113
113
112
114
126
113
113
113
137
111
112
112
112
146
113
112
113
126
112
115
112
171
123
112
111
112
124
113
112
116
153
127
112
112
113
124
112
113
111
138
115
112
116
118
125
112
112
113
127
112
112
112
165
122
113
113
112
128
115
115
114
135
112
112
113
112
147
117
114
113
146
112
113
113
162
115
113
113
112
128
113
114
118
142
115
111
112
115
128
112
113
116
124
111
112
113
166
136
113
112
113
125
112
112
111
150
123
114
112
113
136
112
112
112
144
114
111
112
111
126
115
116
112
125
112
112
113
164
117
112
115
112
129
112
112
111
145
112
112
115
112
147
137
112
111
126
113
114
115
149
114
114
114
117
138
112
114
112
128
111
112
115
172
136
112
112
114
125
113
112
114
153
113
112
112
112
127
112
111
111
134
112
111
113
112
124
113
113
112
144
112
114
111
169
122
112
113
113
122
112
115
112
152
112
113
111
112
127
112
112
115
134
112
112
113
112
125
115
113
112
144
112
113
111
163
117
112
114
113
125
115
113
111
145
118
115
145
161
131
113
113
113
143
115
111
111
159
112
112
113
112
157
113
112
112
131
112
114
114
115
127
111
112
112
151
113
116
111
157
112
113
111
113
125
111
112
112
142
113
111
112
112
124
111
115
112
130
113
112
112
112
127
112
113
112
125
112
114
111
162
115
112
113
112
138
116
113
112
148
116
113
112
112
125
114
112
113
130
117
113
113
171
127
114
118
118
130
111
112
113
147
112
119
112
112
136
115
112
113
126
113
114
112
174
127
112
114
118
123
114
112
112
147
116
113
113
112
130
112
112
112
135
113
111
113
113
126
112
112
112
126
112
112
112
166
115
113
113
113
139
113
113
112
146
113
112
113
112
142
112
112
116
126
112
115
116
171
125
115
112
113
126
111
113
112
150
116
115
113
112
149
113
117
113
126
112
112
114
171
123
113
112
113
154
113
114
113
150
112
113
114
113
128
114
113
116
127
114
112
111
111
125
116
112
113
125
111
112
113
160
116
117
113
112
138
114
114
113
135
113
113
112
113
128
112
115
114
145
112
112
113
162
116
112
113
112
127
113
111
112
147
112
112
112
113
137
113
114
113
123
111
112
112
160
116
113
112
111
137
111
115
114
122
111
112
114
146
112
111
112
112
124
112
112
113
137
112
112
112
166
119
112
117
131
128
113
112
113
131
114
117
113
174
157
113
112
113
127
114
111
112
154
119
112
112
112
129
112
113
112
133
114
111
113
113
137
120
112
112
148
113
112
112
157
112
112
113
111
147
118
112
113
144
112
114
120
112
126
114
115
114
126
115
112
113
163
115
113
118
112
123
112
112
112
144
111
116
113
112
130
112
115
113
124
111
112
113
112
123
112
120
114
148
114
112
111
151
114
112
115
111
142
112
111
115
131
112
112
115
113
149
118
113
112
126
112
112
113
153
112
113
115
113
127
113
112
114
135
113
115
112
112
127
112
113
113
125
111
112
112
170
128
114
115
113
125
112
113
112
148
118
113
113
115
146
112
116
115
147
112
112
113
161
113
112
113
112
126
113
112
113
145
112
113
112
112
149
113
112
116
145
113
112
112
112
124
112
112
119
135
112
113
112
148
113
112
112
113
125
112
112
112
136
112
111
113
114
138
112
116
116
128
113
112
112
163
117
112
112
112
142
112
113
112
151
114
111
112
112
168
120
112
112
133
113
112
114
112
135
114
115
112
124
112
116
132
138
116
112
112
112
124
113
111
113
126
112
112
112
167
121
119
114
113
127
113
112