4
1
0
2
0
0
1
1
0
0
0
1
1
0
1
1
0
1
0
0
1
0
1
1
1
1
1
1
1
0
0
0
0
0
0
0
0
0
0
0
0
0
1
0
0
0
0
0
0
0
1
1
0
4
160
270
393
596
795
1100
1280
591
862
998
1151
778
65
325
463
645
787
134
254
1
251
500
757
956
1302
710
893
1163
1737
964
1198
1398
1645
1829
1982
1638
1899
1237
1533
1725
1910
2133
2404
2179
2466
1664
1870
2067
2286
2471
2646
2039
2237
1534
1709
1920
2273
2557
2883
2204
2518
1910
2252
2577
2913
3258
3477
2812
2995
2341
2592
2870
3109
3467
3795
3239
3427
2648
2853
3055
3252
3470
3663
2859
3143
2358
2837
3175
3512
3700
3868
3294
3509
2708
2902
3110
3353
3534
3711
2902
3125
2309
2550
2761
2944
3190
3394
2864
3195
2549
2757
3109
3399
3731
4019
3188
3385
2751
2945
3213
3543
3825
4000
3174
3357
2551
2774
2983
3218
3388
3671
3045
3238
2436
2744
2997
3180
3359
3595
2790
3115
2436
2658
3002
3326
3586
3800
2987
3657
2898
3088
3271
3448
3650
3831
3006
3299
2497
2697
3043
3248
3460
3644
2845
3327
2522
2816
3003
3195
3389
3597
2899
3228
2473
2810
3108
3294
3462
3693
3130
3319
2509
2798
3108
3453
3750
3927
3160
3420
2632
2834
3053
3310
3492
3717
3127
3333
2553
2830
3056
3394
3721
4072
3427
3600
2780
2963
3183
3521
3855
4313
3967
4266
3650
3984
4344
4523
4722
5051
4395
4729
3989
4158
4399
4584
4759
5081
4509
4683
3880
4051
4232
4502
4694
4879
4090
4270
3447
3634
3841
4028
4224
4421
3950
4293
3545
3926
4229
4558
4801
5003
4215
4421
3634
3898
4293
4519
4727
5197
4390
4602
3919
4147
4337
4585
4786
5022
4656
4847
4094
4280
4474
4646
4824
5074
4279
4521
3735
3926
4138
4369
4555
4750
4098
4352
3775
4272
4450
4721
4933
5197
4535
4738
3948
4199
4383
4641
4953
5279
4473
4674
3958
4175
4382
4555
4732
4954
4228
4680
3931
4258
4597
4830
5148
5342
4687
4999
4303
4503
4681
4884
5146
5360
4560
4753
4170
4523
4821
5132
5327
5541
4736
4994
4283
4562
4793
5134
5375
5614
4805
4979
4329
4883
5089
5269
5442
5643
5001
5186
4397
4641
4854
5142
5340
5522
4747
5069
4313
4499
4757
5084
5420
5588
4773
4987
4371
4567
4779
4966
5175
5657
4850
5034
4226
4495
4676
4854
5029
5202
4389
4612
3964
4348
4559
4755
4948
5241
4509
4948
4137
4325
4535
4807
5132
5336
4519
4710
3891
4179
4502
4835
5164
5332
4550
4763
4059
4372
4551
4881
5481
5646
5053
5268
4458
4730
4991
5341
5684
6032
5346
5616
4880
5098
5300
5500
5677
5850
5060
5394
4741
5034
5219
5416
5676
5925
5349
5707
5000
5178
5360
5553
5746
5931
5174
5358
4593
4877
5121
5335
5527
5724
5061
5329
4529
4774
5057
5248
5722
6042
5576
5912
5236
5405
5594
6077
6337
6672
5872
6051
5388
5653
5831
6008
6207
6387
5614
5788
4963
5148
5328
5516
5704
5899
5373
5544
4730
4914
5122
5348
5516
5678
4916
5272
4531
4720
4892
5237
5582
5915
5247
5544
4921
5253
5560
5933
6240
6485
5975
6195
5381
5599
5825
6172
6496
6804
6121
6449
5662
5852
6041
6391
6722
6891
6147
6422
5595
5941
6272
6587
6789
6967
6164
6336
5776
5974
6191
6488
6926
7224
6396
6601
5799
5971
6167
6359
6551
6740
6031
6359
5699
6206
6558
6888
7164
7390
6583
6807
6493
6826
7064
7242
7422
7747
7095
7292
6470
6706
6910
7107
7300
7638
7164
7456
6681
6945
7269
7588
7908
8211
7502
7752
6951
7132
7309
7501
7694
7974
7588
7764
6946
7136
7521
7696
7933
8123
7345
7513
6685
7005
7184
7753
8085
8386
7590
7786
7079
7408
7723
7918
8100
8296
7510
7753
6946
7122
7421
7809
8155
8473
8148
8470
7695
8053
8396
8944
9186
9521
8829
9048
8244
8560
8777
8966
9156
9331
8515
8726
8023
8357
8637
8837
9045
9261
8504
8828
8131
8464
8747
8931
9180
9390
8597
8774
8294
8481
8655
8832
9150
9337
8550
8743
7915
8138
8433
8636
8836
9032
8220
8396
7575
7900
8075
8404
8584
8880
8107
8304
7483
7662
7839
8080
8342
8623
8003
8341
7676
8031
8398
8874
9215
9473
8829
9012
8457
8676
8860
9081
9265
9641
8933
9182
8523
8815
9084
9419
9620
9833
9021
9213
8445
9033
9397
9621
9812
10108
9280
9468
8699
9025
9249
9581
9876
10204
9597
9853
9240
9631
10029
10220
10435
10771
10158
10496
9717
9982
10153
10352
10572
10834
10056
10376
9576
9825
10016
10216
10398
10577
9816
10165
9505
9781
10070
10378
10562
10736
9913
10120
9421
9693
9894
10247
10486
10692
9927
10166
9659
9930
10122
10299
10470
10651
10020
10376
9729
9909
10095
10294
10645
10850
10050
10393
9717
10049
10299
10475
10655
11125
10358
10556
9759
10070
10391
10718
10907
11086
10284
10497
9812
10011
10204
10404
10757
10994
10179
10350
9524
10153
10489
10823
11185
11511
10858
11137
10346
10681
10921
11149
11346
11548
10897
11149
10409
10608
10782
11033
11268
11477
10701
10886
10250
10631
10849
11058
11371
11749
11038
11294
10537
10737
11032
11281
11467
11717
10941
11376
10655
10804
10948
11094
11237
11381
10669
10817
9961
10104
10344
10503
10647
10783
9935
10080
9224
9368
9569
9716
9859
10116
9262
9405
8555
8713
8858
9002
9231
9470
8618
8775
7924
8073
8220
8366
8514
8663
7828
8066
7226
7375
7527
7678
7827
7970
8618
8775
7924
8073
8220
8366
8514
8663
7828
8066
7226
7375
7527
7678
7827
7970
8618
8775
7924
8073
8220
8366
8514
8663
7828
8066
7226
7375
7527
7678
7827
7970
8366
8514
8663
7828
8066
7226
7375
7527
7678
7827
7970
8618
8775
7924
8073
8220
8366
8514
8663
7828
8066
6910
7107