260
255
324
396
506
519
523
723
734
889
1079
1195
1255
1414
1518
1698
1902
1903
2106
2233
2383
2414
2595
2923
3067
3372
3390
3787
3987
4172
4401
4747
4997
5361
5509
5825
6242
6543
6830
7095
7241
7374
7859
7980
8483
8597
8662
8839
8873
9026
8994
9369
9484
9431
9648
9743
9786
9873
10105
10258
10298
10357
10640
10724
10896
10954
10990
11256
11447
11455
11581
11843
11943
11973
12148
12313
12508
12585
12744
12909
13177
13249
13377
13630
13796
14041
14206
14346
14343
14511
14740
14944
15118
15460
15645
15915
16079
16190
16534
16705
16912
16998
17180
17457
17530
17674
17968
18057
18159
18509
18811
18917
19182
19543
19753
20012
20277
20422
20651
20880
21117
21242
21364
21687
22044
22141
22669
22850
23125
23320
23794
23854
24270
24512
24825
25008
25190
25247
25689
25941
26184
26523
26952
27204
27344
27814
27897
28212
28757
28839
29111
29349
29786
30032
30301
30630
30752
31123
31354
31871
32057
32485
32757
32923
33416
33586
33856
34392
34700
34954
35119
35308
35436
35812
36430
36981
37296
37637
38004
38633
39308
39637
40708
41102
42047
42826
43729
44141
44819
45192
45450
46170
46916
47499
48327
48738
49625
49993
50577
51342
51772
52308
53149
53676
54118
55157
55586
56049
56564
57135
57544
58093
58598
59105
59506
60036
60469
61017
61609
62108
62478
62884
63487
64021
64524
65208
65435
65899
66089
66592
67547
68013
68929
69756
70260
70621
71059
71619
71865
72708
73282
73825
74202
74652
75156
75664
76116
76721
77242
77571
77966
78462
252
657
1337
1828
2592
2821
3043
3449
3932
4386
5430
5965
6289
6654
7251
7437
8101
8091
8558
8895
9112
9644
9932
10565
10979
11330
11713
12361
12730
13255
13722
14078
14362
15010
15408
15619
16128
16762
17324
17674
18042
18525
18832
18833
19330
19575
20198
20258
20894
21229
21630
21953
22346
22757
23211
23542
23849
24378
24657
24885
25411
25794
26149
26586
27138
27628
27922
28241
28566
28999
29243
29706
30050
30286
30699
31266
31514
32096
32525
32996
33423
33646
34079
34305
35627
36096
36824
37469
37486
37969
38436
39153
39748
39837
40305
40384
40806
41217
41389
41736
42505
42861
43259
43865
43996
44023
44279
44252
44703
44615
44787
44863
45015
45160
45325
45414
45515
45662
45882
46195
46246
46320
46427
46616
46609
46789
47039
47134
47281
47327
47396
47521
47546
47951
48153
48280
48310
48335
48639
48747
48762
48926
48941
49171
49301
49330
49546
49680
49740
49817
50076
50096
50209
50427
50563
50730
50695
50893
50964
51057
51216
51285
51331
51498
51707
51865
51938
52040
52092
52218
52334
52641
52554
52816
52709
52908
53275
53333
53240
53379
53416
53600
53622
53746
54242
54246
54353
54499
54421
54472
54802
54906
54940
55053
55035
55188
55438
55501
55748
55811
55712
56064
56316
55939
56202
56334
56504
56652
56518
56848
57050
57224
57064
57144
57392
57465
57667
57729
57922
57985
58275
58268
58438
58431
58639
58808
58835
58971
59074
59108
59499
59414
59417
59567
59686
59762
59981
60274
60275
60351
60269
60624
60627
60764
60979
60971
61219
61104
61351
61412
61626
61794
61727
62022
61975
62281
62380
62633
62560
62757
62832
62983
62965
63196
63148
63534
63757
63842
63820
63891
63984
64034
64167
64424
64507
64614
64784
64839
65090
65033
65195
65312
65375
65488
65690
65949
66058
66120
66284
66282
66448
66573
66831
66761
67166
67236
67282
67539
67361
67608
67838
67860
67945
68123
68124
68423
68548
68559
68678
68761
68890
69042
69284
69338
69378
69674
69597
69800
70137
70118
70387
70539
70638
70841
70882
71065
71118
71313
71412
71588
71672
71727
71896
72153
72248
72268
72467
72583
72583
72895
72921
73193
73246
73315
73383
73713
73662
73729
73840
74071
74160
74365
74345
74582
74515
74732
74954
75043
75203
75353
75407
75601
75561
75703
75697
75871
76030
76031
76356
76546
76743
76856
76745
76766
76933
77047
77254
77316
77441
77620
77715
77743
77844
78009
78088
78248
78346
78483
78626
78908
78794
78946
79069
79249
79258
79315
79409
79724
79817
79835
79928
80156
80270
80311
80406
80505
80745
80727
80822
80992
80984
81258
81244
81326
81589
81784
81680
82055
81959
82167
82175
82470
82460
82630
82797
82865
83050
83091
83427
83456
83567
83573
83701
83898
84056
84231
84090
84170
84553
84696
84654
84837
84924
84990
85127
85223
85386
85522
85722
85691
85762
85889
86085
86239
86224
86348
86595
86725
86600
86765
86934
87063
87131
87307
87344
87580
87720
87637
87873
87944
88114
88260
88334
88271
88570
88530
88583
88976
88866
89167
89326
89477
89402
89635
89685
89705
90046
90260
90249
90397
90559
90859
90753
90933
91174
91168
91365
91615
91747
91875
91895
91952
92274
92640
92608
92879
93070
93151
93230
93317
93604
93723
93854
93929
94226
94374
94457
94477
94496
94841
94957
94989
95120
95292
95356
95584
95507
95770
95970
96098
96196
96247
96242
96555
96641
96685
96788
97086
97156
97156
97380
97512
97669
97642
97773
97958
97937
98103
98292
98433
98589
98710
98841
99004
99003
99128
99127
99275
99710
99735
99881
99949
100169
100422
100290
100478
100597
100770
100703
100982
100949
101344
101494
101565
101767
101651
101801
101957
102009
102085
102223
102375
102578
102689
102904
103074
103061
103169
103258
103493
103499
103741
103730
103801
103921
104252
104238
104338
104429
104477
104731
104926
104960
105139
105403
105339
105438
105557
105717
105799
106002
105956
106296
106295
106431
106649
106643
106893
106769
106965
107104
107106
107409
107488
107752
107863
107742
107932
108035
108033
108279
108521
108558
108737
108904
108772
108865
109082
109291
109427
109629
109704
109852
109716
109969
110016
110030
110360
110376
110564
110653
110881
110888
110923
111089
111217
111410
111467
111584
111626
111683
112050
112001
112182
112142
112290
112437
112476
112971
112846
112936
113007
113261
113177
113359
113462
113673
113723
113788
114067
114233
114265
114372
114416
114656
114709
114848
114908
115184
115162
115309
115496
115568
115591
115948
115930
115966
115923
116266
116402
116526
116533
116678
116767
116925
116932
117103
117286
117424
117578
117601
117637
117762
117816
117964
118239
118272
118358
118635
118784
118724
118912
119042
119139
119295
119441
119627
119825
119768
119909
119902
120141
120136
120307
120410
120631
120748
120897
120806
121086
121239
121200
121312
121477
121576
121693
121768
121936