1 124
1 184
1 265
1 298
1 389
1 511
1 545
1 637
1 700
1 735
1 928
1 1020
1 1117
1 1190
1 1305
1 1389
1 1615
1 1665
1 1846
1 1916
1 1968
1 2275
1 2424
1 2607
1 2698
1 2940
1 3032
1 3130
1 3516
1 3730
1 3942
1 4063
1 4379
1 4484
1 4602
1 5076
1 5303
1 5404
1 5784
1 6022
1 6278
1 6464
1 6560
1 7180
1 7263
1 7369
1 7402
1 7470
1 7579
1 7685
1 7775
1 7903
1 8003
1 8084
1 8130
1 8282
1 8383
1 8451
1 8624
1 8718
1 8824
1 8874
1 9000
1 9101
1 9317
1 9448
1 9583
1 9691
1 9766
1 9908
1 9966
1 10204
1 10292
1 10461
1 10586
1 10743
1 10885
1 10973
1 11192
1 11307
1 11421
1 11515
1 11722
1 11801
1 11921
1 12217
1 12344
1 12582
1 12694
1 12920
1 12999
1 13251
1 13346
1 13514
1 13725
1 13792
1 14060
1 14242
1 14420
1 14561
1 14725
1 14834
1 14929
1 15384
1 15560
1 15726
1 15875
1 16078
1 16323
1 16492
1 16739
1 16890
1 17053
1 17228
1 17310
1 17630
1 17833
1 17960
1 18087
1 18545
1 18734
1 18861
1 19151
1 19264
1 19658
1 19678
1 20063
1 20303
1 20501
1 20725
1 20935
1 21099
1 21205
1 21721
1 21987
1 22222
1 22452
1 22678
1 22805
1 22931
1 23423
1 23564
1 23972
1 24286
1 24550
1 24685
1 25098
1 25302
1 25440
1 25862
1 26120
1 26384
1 26530
1 26931
1 27177
1 27321
1 27755
1 28060
1 28184
1 28475
1 28726
1 28989
1 29131
2 29546
1 29710
1 29883
1 30331
1 30397
1 30575
1 30900
2 31206
2 31307
1 31458
1 31621
1 31889
1 32180